station_id,observed_date,observed_max_f,observed_min_f,sample_count,pulled_at
KATL,2026-09-15,84.2,75.0,148,2026-09-15T15:34:51.678999+00:00
KATL,2026-09-14,93.2,71.6,310,2026-09-15T15:34:51.678999+00:00
KATL,2026-09-13,82.4,78.1,42,2026-09-15T15:34:51.678999+00:00
KAUS,2026-09-15,89.6,78.1,137,2026-09-15T15:34:51.678999+00:00
KAUS,2026-09-14,100.9,77.0,313,2026-09-15T15:34:51.678999+00:00
KAUS,2026-09-13,89.6,82.4,50,2026-09-15T15:34:51.678999+00:00
KBOS,2026-09-15,63.0,53.6,136,2026-09-15T15:34:51.678999+00:00
KBOS,2026-09-14,73.9,60.1,296,2026-09-15T15:34:51.678999+00:00
KBOS,2026-09-13,69.8,66.2,68,2026-09-15T15:34:51.678999+00:00
KDCA,2026-09-15,73.4,57.2,145,2026-09-15T15:34:51.678999+00:00
KDCA,2026-09-14,80.6,66.2,309,2026-09-15T15:34:51.678999+00:00
KDCA,2026-09-13,80.6,77.0,46,2026-09-15T15:34:51.678999+00:00
KDEN,2026-09-15,68.0,55.9,10,2026-09-15T15:34:51.678999+00:00
KDEN,2026-09-14,87.8,68.0,45,2026-09-15T15:34:51.678999+00:00
KDEN,2026-09-13,93.0,55.9,25,2026-09-15T15:34:51.678999+00:00
KDEN,2026-09-12,79.0,50.0,25,2026-09-15T15:34:51.678999+00:00
KDEN,2026-09-11,88.0,63.0,24,2026-09-15T15:34:51.678999+00:00
KDEN,2026-09-10,87.1,55.9,24,2026-09-15T15:34:51.678999+00:00
KDEN,2026-09-09,81.0,55.9,24,2026-09-15T15:34:51.678999+00:00
KDEN,2026-09-08,84.9,60.1,16,2026-09-15T15:34:51.678999+00:00
KDFW,2026-09-15,89.6,80.6,134,2026-09-15T15:34:51.678999+00:00
KDFW,2026-09-14,100.4,80.1,308,2026-09-15T15:34:51.678999+00:00
KDFW,2026-09-13,95.0,87.8,58,2026-09-15T15:34:51.678999+00:00
KEWR,2026-09-15,69.8,55.0,147,2026-09-15T15:34:51.678999+00:00
KEWR,2026-09-14,75.9,60.1,310,2026-09-15T15:34:51.678999+00:00
KEWR,2026-09-13,78.8,75.0,43,2026-09-15T15:34:51.678999+00:00
KHOU,2026-09-15,89.6,78.8,134,2026-09-15T15:34:51.678999+00:00
KHOU,2026-09-14,95.0,78.8,308,2026-09-15T15:34:51.678999+00:00
KHOU,2026-09-13,88.0,82.4,58,2026-09-15T15:34:51.678999+00:00
KLAS,2026-09-15,84.2,78.8,109,2026-09-15T15:34:51.678999+00:00
KLAS,2026-09-14,100.4,80.6,310,2026-09-15T15:34:51.678999+00:00
KLAS,2026-09-13,98.6,89.1,81,2026-09-15T15:34:51.678999+00:00
KLAX,2026-09-15,72.0,69.1,108,2026-09-15T15:34:51.678999+00:00
KLAX,2026-09-14,80.6,68.0,311,2026-09-15T15:34:51.678999+00:00
KLAX,2026-09-13,73.9,69.8,81,2026-09-15T15:34:51.678999+00:00
KMDW,2026-09-15,75.2,68.0,135,2026-09-15T15:34:51.678999+00:00
KMDW,2026-09-14,71.6,53.1,310,2026-09-15T15:34:51.678999+00:00
KMDW,2026-09-13,61.0,57.0,55,2026-09-15T15:34:51.678999+00:00
KMIA,2026-09-15,89.6,80.6,147,2026-09-15T15:34:51.678999+00:00
KMIA,2026-09-14,89.6,77.0,304,2026-09-15T15:34:51.678999+00:00
KMIA,2026-09-13,82.4,78.8,49,2026-09-15T15:34:51.678999+00:00
KMSP,2026-09-15,62.6,59.0,132,2026-09-15T15:34:51.678999+00:00
KMSP,2026-09-14,61.0,51.8,309,2026-09-15T15:34:51.678999+00:00
KMSP,2026-09-13,68.0,59.0,59,2026-09-15T15:34:51.678999+00:00
KMSY,2026-09-15,87.8,77.0,135,2026-09-15T15:34:51.678999+00:00
KMSY,2026-09-14,93.2,77.0,308,2026-09-15T15:34:51.678999+00:00
KMSY,2026-09-13,86.0,80.6,57,2026-09-15T15:34:51.678999+00:00
KNYC,2026-09-15,66.9,57.0,11,2026-09-15T15:34:51.678999+00:00
KNYC,2026-09-14,75.0,64.0,22,2026-09-15T15:34:51.678999+00:00
KNYC,2026-09-13,78.1,68.0,52,2026-09-15T15:34:51.678999+00:00
KNYC,2026-09-12,78.1,63.0,25,2026-09-15T15:34:51.678999+00:00
KNYC,2026-09-11,78.1,70.0,24,2026-09-15T15:34:51.678999+00:00
KNYC,2026-09-10,84.0,69.1,26,2026-09-15T15:34:51.678999+00:00
KNYC,2026-09-09,81.0,69.1,24,2026-09-15T15:34:51.678999+00:00
KNYC,2026-09-08,79.0,72.0,13,2026-09-15T15:34:51.678999+00:00
KOKC,2026-09-15,89.6,77.0,135,2026-09-15T15:34:51.678999+00:00
KOKC,2026-09-14,100.4,75.2,310,2026-09-15T15:34:51.678999+00:00
KOKC,2026-09-13,91.9,84.2,55,2026-09-15T15:34:51.678999+00:00
KPHL,2026-09-15,73.4,57.2,148,2026-09-15T15:34:51.678999+00:00
KPHL,2026-09-14,78.8,64.0,311,2026-09-15T15:34:51.678999+00:00
KPHL,2026-09-13,80.6,75.0,41,2026-09-15T15:34:51.678999+00:00
KPHX,2026-09-15,87.8,82.4,107,2026-09-15T15:34:51.678999+00:00
KPHX,2026-09-14,105.8,84.2,313,2026-09-15T15:34:51.678999+00:00
KPHX,2026-09-13,102.2,95.0,80,2026-09-15T15:34:51.678999+00:00
KSAN,2026-09-15,71.6,69.8,109,2026-09-15T15:34:51.678999+00:00
KSAN,2026-09-14,75.2,69.8,316,2026-09-15T15:34:51.678999+00:00
KSAN,2026-09-13,73.4,71.1,75,2026-09-15T15:34:51.678999+00:00
KSAT,2026-09-15,87.8,78.8,147,2026-09-15T15:34:51.678999+00:00
KSAT,2026-09-14,100.4,80.1,307,2026-09-15T15:34:51.678999+00:00
KSAT,2026-09-13,87.8,82.4,46,2026-09-15T15:34:51.678999+00:00
KSDF,2026-09-15,80.6,64.4,148,2026-09-15T15:34:51.678999+00:00
KSDF,2026-09-14,82.4,62.1,309,2026-09-15T15:34:51.678999+00:00
KSDF,2026-09-13,82.4,75.2,43,2026-09-15T15:34:51.678999+00:00
KSEA,2026-09-15,57.2,53.6,108,2026-09-15T15:34:51.678999+00:00
KSEA,2026-09-14,66.2,53.6,300,2026-09-15T15:34:51.678999+00:00
KSEA,2026-09-13,60.8,55.4,92,2026-09-15T15:34:51.678999+00:00
KSFO,2026-09-15,60.8,55.4,108,2026-09-15T15:34:51.678999+00:00
KSFO,2026-09-14,78.8,55.4,310,2026-09-15T15:34:51.678999+00:00
KSFO,2026-09-13,66.2,60.1,82,2026-09-15T15:34:51.678999+00:00
KTTN,2026-09-15,69.8,51.8,147,2026-09-15T15:34:51.678999+00:00
KTTN,2026-09-14,75.2,57.2,311,2026-09-15T15:34:51.678999+00:00
KTTN,2026-09-13,75.2,69.8,42,2026-09-15T15:34:51.678999+00:00
